Name    Long     Lat       Ve    Se    Vn    Sn     Vz   Sz  
1293 199.49744 55.33200 -7.380 1.310 3.900 1.000 -4.520 2.600
3502 199.42175 55.98659 -8.850 0.520 0.800 0.570 -4.750 0.640
891G 201.59600 56.29512 -7.170 1.990 8.630 1.640 0.640 4.630
9016 201.18123 55.88859 -11.370 0.550 8.190 0.570 -3.720 0.890
9450 199.49963 55.33114 -7.960 0.440 3.050 0.530 -1.970 0.310
9758 198.20791 55.11905 -6.250 0.500 0.660 0.550 -0.240 0.560
AHKI 205.82539 56.94108 -14.980 0.510 18.030 0.570 2.880 0.730
ALIK 199.22671 55.45543 -8.020 0.450 1.340 0.540 -0.530 0.330
AND2 199.91324 55.32339 -8.180 0.460 4.210 0.540 -0.560 0.320
ASPE 202.62795 56.85380 -11.000 0.440 5.830 0.530 0.440 0.300
BIRD 200.25709 54.82921 -8.770 0.450 6.810 0.530 -3.830 0.290
CENT 200.06897 55.78855 -8.650 0.460 3.440 0.540 -1.090 0.350
CHIR 204.27150 55.82588 -17.880 0.660 32.390 0.650 -9.160 1.020
CHN1_CHNB 200.41733 54.81466 -9.070 0.440 7.770 0.530 -3.550 0.300
CHRN 197.63069 54.62904 -2.720 1.560 -1.570 1.270 -1.410 2.680
CLFF 201.70080 56.21148 -10.120 0.440 7.320 0.530 -0.060 0.310
CONG 200.50347 56.22066 -13.760 2.090 3.590 1.610 9.020 4.410
CROW 197.19898 54.49083 -3.230 0.530 -2.210 0.570 2.760 0.570
DAY 197.52907 54.73546 -5.890 1.200 0.280 0.960 -3.890 1.870
EC44 200.63157 56.03191 -4.480 0.650 2.180 0.630 -1.100 1.040
FAWN 197.64481 54.82458 -1.400 2.780 -0.740 2.020 -0.980 4.630
FING 200.79154 56.19125 -4.020 0.860 2.390 0.740 4.250 1.570
FOG 200.45915 56.31583 -10.780 0.770 2.850 0.720 0.470 1.390
FOUR 199.27164 55.30900 -8.190 0.450 2.660 0.530 0.010 0.270
HARP 200.73711 56.23664 -3.400 0.870 4.580 0.760 8.260 1.660
HEID 201.38766 56.96388 -7.740 0.450 1.220 0.540 -0.580 0.330
HUEY 203.14463 56.79436 -12.070 0.440 8.850 0.530 -0.150 0.310
INSU 200.44942 55.17962 -9.670 0.440 6.540 0.530 -0.470 0.240
ISLK 201.39968 56.11342 -10.670 0.480 6.750 0.550 0.010 0.510
JIMM 201.38255 56.91688 -8.180 0.530 1.940 0.580 -0.750 0.690
KARP 199.94750 55.51036 -8.950 0.460 4.120 0.540 -1.690 0.310
KATY 196.47618 55.04427 -3.330 0.730 -2.240 0.690 -2.750 1.140
KITS 201.79328 56.28817 -10.030 0.800 7.620 0.720 -1.410 1.370
KOPP 199.63324 55.27378 -8.410 0.450 3.400 0.530 -1.200 0.270
LAG 197.70320 54.66411 -3.230 2.100 -0.430 1.580 0.600 3.510
LATE 204.20592 55.82304 -19.310 1.420 32.110 1.180 -17.760 2.350
LITT 200.59643 55.00727 -8.950 0.440 7.970 0.530 -2.360 0.260
LONE 198.00396 54.75572 -5.350 1.680 -2.640 1.290 -2.800 2.690
LSDP 199.50484 55.30205 -8.940 0.450 3.320 0.540 -1.160 0.320
MOUN 199.77436 54.87637 -7.380 0.460 4.270 0.540 2.100 0.330
OLET 200.67226 56.29035 -4.910 1.040 4.680 0.880 4.000 1.930
PANK 196.88680 54.67909 -4.360 0.770 -2.380 0.710 1.620 1.310
PETE 197.38103 54.38387 -3.760 0.450 -2.700 0.540 0.840 0.300
PEVA 200.84544 55.90986 -8.920 0.520 6.400 0.560 -3.330 0.580
PV02 198.19509 55.40581 -7.080 0.670 0.210 0.650 -2.070 1.100
RDMD 200.73319 56.10194 -4.480 1.080 1.400 0.880 3.570 2.050
REEF 197.47702 54.85738 -2.750 2.150 1.750 1.630 0.680 3.620
SATT 197.26802 55.17378 -1.910 0.900 -1.110 0.820 -3.560 1.380
SDP1 199.52450 55.35301 -8.920 0.870 2.230 0.700 0.550 1.160
SEMI 203.30786 56.04807 -14.460 0.440 16.590 0.530 0.620 0.310
SENI 199.85659 56.39762 -7.410 0.480 0.970 0.550 -1.570 0.480
SITK 205.86414 56.54028 -16.120 0.810 30.180 0.750 0.400 1.280
SMNF_SIME 200.73272 54.89667 -9.240 0.450 8.920 0.540 -1.610 0.320
SNDP 199.52451 55.35232 -8.470 0.560 2.200 0.580 0.930 0.520
STAR 200.83012 55.89358 -10.470 0.500 5.800 0.560 -0.830 0.610
SWED 199.47779 55.47776 -7.990 0.450 1.870 0.540 -0.630 0.300
TELE 197.39532 54.98441 -1.530 1.500 -0.830 1.210 -2.380 2.500
TOMH 196.67717 54.74136 -2.930 1.500 -0.930 1.230 4.880 2.610
TRNR 200.16416 55.03361 -8.990 0.440 5.300 0.530 -1.460 0.250
TWIN 200.44541 56.13265 -11.390 1.690 3.840 1.320 10.310 3.430
VSG 200.91345 56.12408 -8.250 1.020 5.190 0.880 -1.020 1.930
WEDG 200.13156 55.24827 -8.680 0.460 5.420 0.540 -1.340 0.340
WIK 202.89138 56.57646 -11.970 0.440 9.600 0.530 0.250 0.290
WOOL 199.87667 55.09769 -8.350 0.480 5.200 0.550 -1.200 0.420
YAST 200.57973 56.38560 -6.560 0.930 1.930 0.810 1.480 1.730
YUK 203.19800 56.19511 -13.580 0.440 14.760 0.540 2.200 0.330
AB06 196.57655 54.88532 -4.060 0.470 -1.530 0.550 0.300 0.370
AB07 199.52324 55.34928 -8.490 0.450 3.830 0.550 -0.920 0.350
AB13 201.49621 56.30733 -9.850 0.450 6.230 0.550 -0.430 0.370
AC02 205.81696 56.95059 -15.660 0.420 19.970 0.530 -1.180 0.260
AC12 200.41044 54.83096 -9.330 0.460 7.630 0.550 -1.920 0.380
AC13 204.37760 55.82190 -18.900 0.430 31.630 0.540 -10.940 0.290
AC21 200.87228 55.92109 -10.080 0.440 5.470 0.530 -0.980 0.270
AC25 197.68595 55.08897 -5.870 0.450 -1.470 0.540 0.150 0.320
AC28 199.95084 55.07849 -8.590 0.440 4.700 0.540 -0.500 0.290
AC40 201.38143 56.93035 -8.930 0.440 1.570 0.540 0.050 0.290
AC41 199.59270 55.90867 -8.550 0.480 1.820 0.570 0.970 0.470
AC42 197.21635 54.47178 -4.470 0.450 -2.150 0.540 1.540 0.310
AC45 205.81904 56.56445 -17.420 0.430 28.070 0.530 -4.710 0.280
AV34 196.28708 54.72491 -4.630 0.490 -2.530 0.570 2.320 0.470
AV37 196.00277 54.70938 -3.590 0.630 1.050 0.690 -1.290 0.930
AV38 196.21913 54.83147 -4.290 0.500 -1.390 0.570 0.650 0.500
AV39 196.00153 54.81134 -4.990 0.510 -0.270 0.580 -0.200 0.540
AV40 196.25703 54.64454 -5.020 0.550 -2.120 0.610 2.140 0.680
BAY1 197.29284 55.19027 -5.400 0.450 -2.430 0.540 -0.090 0.290
BAY2 197.29324 55.19042 -5.620 0.460 -2.350 0.540 0.060 0.340
BAY5 197.29284 55.19027 -5.320 0.450 -1.620 0.540 0.080 0.310
BAY6 197.29324 55.19042 -5.040 0.450 -1.350 0.540 -0.590 0.320
CDB7 197.28153 55.20034 -4.970 0.490 -2.090 0.570 0.320 0.490
CDB8 197.29360 55.19237 -4.020 0.560 -0.050 0.630 1.880 0.750
